Матрица 1
1 2 3 
4 5 6 
7 8 9 
Матрица 1 Транспонированная:
1 4 7 
2 5 8 
3 6 9 
Матрица 3
19 20 21 
22 23 24 
25 26 27 
Матрица 3 Транспонированная:
19 22 25 
20 23 26 
21 24 27 
Матрица 5
37 38 39 
40 41 42 
43 44 45 
Матрица 5 Транспонированная:
37 40 43 
38 41 44 
39 42 45 
